 Radius(m)   Te(eV)        +dTe         -dTe       Ne(cm^-3)      +dNe         -dNe
 0.520657 4.346363E+00 7.266047E-01 1.135629E+01 1.000000E+08 0.000000E+00 0.000000E+00
 0.519428 4.366570E+00 7.477819E-01 6.915276E-01 1.000000E+08 0.000000E+00 0.000000E+00
 0.518199 2.503769E+00 7.241357E-01 6.712653E-01 1.000000E+08 0.000000E+00 0.000000E+00
 0.516971 5.696048E+00 1.168607E+00 1.033473E+00 1.000000E+08 0.000000E+00 0.000000E+00
 0.515742 5.551285E+00 1.064116E+00 8.658611E-01 1.000000E+08 0.000000E+00 0.000000E+00
 0.514514 7.344188E+00 9.030064E-01 6.905229E-01 1.000000E+08 0.000000E+00 0.000000E+00
 0.513285 4.852373E+00 6.619701E-01 3.014224E-01 1.000000E+08 0.000000E+00 0.000000E+00
 0.512056 6.668534E+00 5.580815E-01 2.153170E+00 1.000000E+08 1.079990E+13 0.000000E+00
 0.510828 9.223968E+00 7.244427E-01 6.290138E-01 3.506754E+10 6.038678E+10 3.496754E+10
 0.509599 9.813250E+00 7.231591E-01 9.318174E-01 1.823094E+10 6.181620E+10 1.813094E+10
 0.508371 6.148373E+00 4.835343E-01 3.567647E-01 9.373569E+08 3.412088E+08 5.501616E+10
 0.507142 5.932718E+00 2.738673E+00 1.737449E-01 4.721338E+10 7.647820E+10 1.309604E+11
 0.505913 5.790618E+00 2.659074E+00 2.159494E-01 4.157165E+10 7.057775E+10 1.373314E+11
 0.504685 9.686348E+00 5.569600E-01 5.448848E+00 7.564201E+10 5.687216E+10 5.440866E+10
 0.503456 1.015411E+01 5.435916E-01 4.513409E-01 1.360352E+11 7.490693E+10 5.475592E+10
 0.502228 1.152432E+01 4.851971E-01 5.236973E-01 1.618738E+11 7.683362E+10 6.714908E+10
 0.500999 1.186006E+01 4.176038E-01 3.821917E-01 1.912527E+11 8.967282E+10 6.583839E+10
 0.499770 1.237111E+01 3.701124E-01 5.195955E-01 1.790578E+11 8.403530E+10 7.123682E+10
 0.498542 1.065537E+01 3.483677E-01 1.399916E-01 1.236341E+11 7.073050E+10 5.727188E+10
 0.497313 1.136589E+01 3.725023E-01 3.058548E-01 1.699253E+11 7.916749E+10 6.826152E+10
 0.496085 1.119459E+01 2.790027E-01 3.422256E-01 2.031016E+11 7.408147E+10 6.888422E+10
 0.494856 1.254090E+01 4.013342E-01 3.760690E-01 2.592659E+11 8.181628E+10 7.887334E+10
 0.493627 1.225291E+01 2.976340E-01 3.525547E-01 2.275542E+11 7.286458E+10 7.677591E+10
 0.492399 1.375250E+01 3.859092E-01 3.839660E-01 2.453788E+11 7.166796E+10 8.276042E+10
 0.491170 1.477049E+01 4.902008E-01 4.174999E-01 2.652568E+11 8.362410E+10 7.894808E+10
 0.489942 1.581263E+01 5.189173E-01 5.224571E-01 2.870190E+11 9.009913E+10 7.882399E+10
 0.488713 1.596530E+01 5.099758E-01 4.341127E-01 2.977850E+11 8.350092E+10 7.636602E+10
 0.487484 1.807033E+01 5.860690E-01 6.202563E-01 3.353528E+11 8.457588E+10 8.575289E+10
 0.486256 1.892252E+01 6.549348E-01 5.901474E-01 3.789637E+11 9.519610E+10 8.853855E+10
 0.485027 2.102219E+01 7.752810E-01 6.154549E-01 4.407032E+11 9.485167E+10 9.454507E+10
 0.483799 2.126572E+01 7.196802E-01 6.637171E-01 4.220377E+11 9.388702E+10 9.067242E+10
 0.482570 2.257208E+01 7.137200E-01 6.575987E-01 4.830127E+11 1.049544E+11 1.023420E+11
 0.481341 2.284211E+01 7.226235E-01 6.754096E-01 4.820645E+11 1.057954E+11 1.035117E+11
 0.480113 2.292111E+01 6.965949E-01 6.701501E-01 4.995016E+11 1.082574E+11 1.032589E+11
 0.478884 2.288191E+01 6.162028E-01 6.510334E-01 5.217781E+11 1.110935E+11 1.020778E+11
 0.477656 2.335298E+01 7.116074E-01 7.291329E-01 5.184957E+11 1.101167E+11 1.011988E+11
 0.476427 2.426926E+01 7.901919E-01 7.781195E-01 5.174611E+11 1.088844E+11 1.002069E+11
 0.475198 2.639916E+01 8.531895E-01 8.751022E-01 5.573884E+11 1.131464E+11 1.055939E+11
 0.473970 2.859764E+01 9.787251E-01 9.877557E-01 6.026309E+11 1.152479E+11 1.101437E+11
 0.472741 3.132402E+01 1.107389E+00 1.158023E+00 6.958527E+11 1.232012E+11 1.182265E+11
 0.471513 3.433628E+01 1.248581E+00 1.278229E+00 7.481497E+11 1.275893E+11 1.217614E+11
 0.470284 3.861083E+01 1.563790E+00 1.613228E+00 8.235230E+11 1.324247E+11 1.278461E+11
 0.469055 4.316348E+01 1.768984E+00 1.796921E+00 9.029875E+11 1.385415E+11 1.337042E+11
 0.467827 4.875724E+01 2.094062E+00 2.215887E+00 1.034285E+12 1.488145E+11 1.427108E+11
 0.466598 5.881348E+01 2.803951E+00 2.956932E+00 1.174672E+12 1.576151E+11 1.530084E+11
 0.465370 6.352251E+01 3.084937E+00 3.312901E+00 1.286337E+12 1.671270E+11 1.624794E+11
 0.464141 6.747507E+01 2.999372E+00 2.914130E+00 1.399723E+12 1.795078E+11 1.742306E+11
 0.462913 7.105486E+01 3.257913E+00 3.141500E+00 1.692300E+12 2.055932E+11 1.991339E+11
 0.461684 7.594418E+01 3.500018E+00 3.394886E+00 1.976197E+12 2.312453E+11 2.241528E+11
 0.460455 7.824122E+01 3.682558E+00 3.553227E+00 2.169549E+12 2.492176E+11 2.412848E+11
 0.459227 7.885206E+01 3.737670E+00 3.637219E+00 2.281687E+12 2.599294E+11 2.514054E+11
 0.457998 8.006166E+01 3.837763E+00 3.684848E+00 2.381740E+12 2.694919E+11 2.604395E+11
 0.456770 8.527884E+01 4.118132E+00 4.011967E+00 2.593434E+12 2.894432E+11 2.795024E+11
 0.455541 8.696907E+01 4.275167E+00 4.145598E+00 2.808817E+12 3.107157E+11 2.995695E+11
 0.454312 8.936773E+01 4.492152E+00 4.333251E+00 3.015435E+12 3.313280E+11 3.189865E+11
 0.453084 9.065499E+01 4.566365E+00 4.430970E+00 3.099966E+12 3.398597E+11 3.270002E+11
 0.451855 9.428965E+01 4.819303E+00 4.644780E+00 3.317355E+12 3.617093E+11 3.476107E+11
 0.450627 9.520822E+01 4.865342E+00 4.741562E+00 3.346519E+12 3.648705E+11 3.502564E+11
 0.449398 9.675870E+01 4.998680E+00 4.800461E+00 3.418973E+12 3.718442E+11 3.571657E+11
 0.448169 9.864482E+01 5.126966E+00 4.909189E+00 3.500703E+12 3.801538E+11 3.649680E+11
 0.446941 1.018392E+02 5.291608E+00 5.081976E+00 3.587103E+12 3.886332E+11 3.730043E+11
 0.445712 1.041979E+02 5.468686E+00 5.235037E+00 3.693081E+12 3.993592E+11 3.831177E+11
 0.444484 1.070827E+02 5.643595E+00 5.473884E+00 3.871789E+12 4.180726E+11 4.002818E+11
 0.443255 1.089833E+02 5.891662E+00 5.687298E+00 4.138141E+12 4.471904E+11 4.273055E+11
 0.442026 1.092051E+02 5.993657E+00 5.793497E+00 4.296736E+12 4.653077E+11 4.434703E+11
 0.440798 1.123517E+02 6.177822E+00 5.931626E+00 4.316869E+12 4.663470E+11 4.451532E+11
 0.439569 1.093276E+02 6.053984E+00 5.846721E+00 4.372251E+12 4.740683E+11 4.515061E+11
 0.438341 1.135392E+02 6.343451E+00 6.126160E+00 4.557876E+12 4.940148E+11 4.700641E+11
 0.437112 1.154190E+02 6.521515E+00 6.279011E+00 4.730000E+12 5.126719E+11 4.874930E+11
 0.435883 1.148105E+02 6.612307E+00 6.361721E+00 4.881621E+12 5.312403E+11 5.044300E+11
 0.434655 1.159668E+02 6.705242E+00 6.473349E+00 4.987825E+12 5.433505E+11 5.156467E+11
 0.433426 1.145411E+02 6.605185E+00 6.352538E+00 4.918326E+12 5.353840E+11 5.082800E+11
 0.432198 1.157926E+02 7.198773E+00 6.936933E+00 5.814622E+12 6.468656E+11 6.082367E+11
 0.430969 1.201007E+02 7.531236E+00 7.256524E+00 6.015922E+12 6.703124E+11 6.297791E+11
 0.429740 1.201815E+02 7.445658E+00 7.163544E+00 5.860383E+12 6.496562E+11 6.120435E+11
 0.428512 1.223174E+02 7.513769E+00 7.241006E+00 5.802640E+12 6.417733E+11 6.040364E+11
 0.427283 1.221210E+02 7.290939E+00 6.998042E+00 5.417405E+12 5.934303E+11 5.608954E+11
 0.426055 1.216756E+02 7.170950E+00 6.870731E+00 5.276692E+12 5.757846E+11 5.456553E+11
 0.424826 1.234388E+02 7.339923E+00 7.070999E+00 5.430663E+12 5.942973E+11 5.617734E+11
 0.423597 1.189641E+02 7.196576E+00 6.916723E+00 5.525614E+12 6.083628E+11 5.743361E+11
 0.422369 1.168115E+02 7.245234E+00 6.977279E+00 5.799542E+12 6.445097E+11 6.061385E+11
 0.421140 1.148668E+02 6.860612E+00 6.628452E+00 5.340195E+12 5.872569E+11 5.548730E+11
 0.419912 1.229933E+02 7.599396E+00 7.299116E+00 5.810439E+12 6.422638E+11 6.054627E+11
 0.418683 1.158721E+02 7.301551E+00 7.006494E+00 5.932022E+12 6.617604E+11 6.226814E+11
 0.417454 1.146853E+02 7.182141E+00 6.922168E+00 5.868664E+12 6.550227E+11 6.154531E+11
 0.416226 1.178329E+02 7.018678E+00 6.763218E+00 5.362332E+12 5.882732E+11 5.560237E+11
 0.414997 1.041678E+02 6.699513E+00 6.442312E+00 5.907369E+12 6.662107E+11 6.248166E+11
 0.413769 1.061602E+02 7.367227E+00 7.116261E+00 6.890064E+12 8.010392E+11 7.435880E+11
 0.412540 1.049144E+02 7.232160E+00 6.952280E+00 6.723269E+12 7.779986E+11 7.240851E+11
 0.411311 1.252594E+02 7.864377E+00 7.579920E+00 6.092047E+12 6.773990E+11 6.364864E+11
 0.410083 1.364788E+02 8.351468E+00 8.029399E+00 5.994742E+12 6.585930E+11 6.201290E+11
 0.408854 1.641658E+02 9.001441E+00 8.633974E+00 5.047573E+12 5.322345E+11 5.073795E+11
 0.407626 1.932540E+02 9.818443E+00 9.387954E+00 4.459962E+12 4.588201E+11 4.411148E+11
 0.406397 2.100000E+02 0.000000E+00 0.000000E+00 6.983253E+12 5.318967E+11 4.943960E+11
 0.405168 2.100000E+02 0.000000E+00 0.000000E+00 5.580864E+12 5.808050E+11 5.447886E+11
 0.403940 2.100000E+02 0.000000E+00 0.000000E+00 5.802813E+12 9.480712E+10 4.649661E+11
 0.402711 1.637770E+02 7.994330E+00 7.698997E+00 3.732523E+12 3.900385E+11 3.758311E+11
 0.401483 2.246968E+01 1.364705E+00 1.300719E+00 1.627574E+12 2.413831E+11 2.258364E+11
 0.400254 1.618644E+01 3.835051E-02 7.782492E-02 1.080000E+13 0.000000E+00 0.000000E+00
