0.463550 0.251667 0.086667 30.700000 14.333333 
0.461300 0.499100 0.188000 73.900000 48.166667 
0.459040 0.590367 0.157667 122.066667 46.666667 
0.456790 0.611767 0.143667 111.700000 34.000000 
0.454530 0.554467 0.159667 126.166667 46.500000 
0.452280 0.630167 0.154333 126.400000 40.000000 
0.450020 0.774967 0.151333 141.766667 34.666667 
0.447770 0.748933 0.165667 184.400000 51.500000 
0.445510 0.803533 0.169667 183.000000 48.833333 
0.443260 0.882233 0.174333 242.433333 62.166667 
0.441000 0.891800 0.163667 209.733333 47.500000 
0.438750 0.959033 0.180667 206.466667 49.166667 
0.436490 0.941067 0.182000 267.666667 65.500000 
0.434240 0.862233 0.188000 285.866667 79.333333 
0.431980 1.078567 0.200333 257.266667 60.500000 
0.429730 1.138567 0.212333 321.100000 77.000000 
0.427470 1.108733 0.192333 278.633333 60.500000 
0.425220 1.186533 0.223667 345.633333 84.666667 
0.422970 1.210733 0.201000 311.433333 65.833333 
0.420710 1.229133 0.189333 316.533333 63.000000 
0.418460 1.314067 0.196333 313.100000 58.666667 
0.416200 1.433667 0.209333 310.033333 60.500000 
