0.485027 1596691818181818100.000000 200373636363636350.000000 421900000000000000.000000 41.900309 4.020418 5.964309 
0.483799 1693883636363636500.000000 -8433636363636364.000000 730911818181818240.000000 42.928364 3.745191 6.052327 
0.482570 2045407272727272700.000000 170804545454545440.000000 599186363636363650.000000 44.167191 3.571436 5.958473 
0.481341 2249509090909090800.000000 164546363636363650.000000 687812727272727300.000000 45.512282 4.411936 5.031018 
0.480113 2491445454545454600.000000 137920000000000000.000000 779845454545454590.000000 45.952364 3.837036 5.137845 
0.478884 2790435454545454600.000000 261162727272727260.000000 720328181818181760.000000 46.829091 3.438627 5.669145 
0.477656 2997752727272727000.000000 327077272727272700.000000 708259090909090940.000000 48.054200 2.667564 6.326136 
0.476427 3169583636363636200.000000 276197272727272740.000000 829972727272727300.000000 49.982245 2.519009 6.428318 
0.475198 3425201818181818400.000000 294376363636363650.000000 891338181818181760.000000 52.132473 3.360764 5.439336 
0.473970 3701034545454545400.000000 280646363636363650.000000 1007600909090909100.000000 53.347636 4.250600 4.221882 
0.472741 4037764545454545400.000000 503246363636363650.000000 828837272727272700.000000 53.637973 3.114818 5.282045 
0.471513 4167173636363636200.000000 479323636363636350.000000 930339090909090940.000000 54.820173 2.825445 5.652636 
0.470284 4347834545454545400.000000 522701818181818180.000000 919006363636363650.000000 56.420891 3.328209 4.901518 
0.469055 4509687272727273000.000000 399189090909090880.000000 1134022727272727300.000000 57.364500 3.825091 4.399118 
0.467827 4846121818181818400.000000 393309090909090880.000000 1267370000000000000.000000 57.942518 1.246836 6.575682 
0.466598 5242388181818181600.000000 571650909090909120.000000 1179160000000000000.000000 60.769027 4.225145 3.576564 
0.465370 5506626363636363300.000000 648442727272727300.000000 1191890000000000000.000000 60.688836 2.975218 4.553255 
0.464141 5727618181818181600.000000 226862727272727260.000000 1885956363636363500.000000 61.695736 4.646945 2.266636 
0.462913 6485182727272727600.000000 426676363636363650.000000 1914115454545454600.000000 60.733445 3.190155 3.246582 
0.461684 7142752727272727600.000000 806166363636363650.000000 1606629090909090800.000000 60.847164 3.950436 2.162718 
0.460455 7481224545454545900.000000 1141565454545454600.000000 1295660909090909200.000000 60.243291 4.864891 0.927882 
0.459227 7474218181818181600.000000 1227778181818181900.000000 1186776363636363500.000000 58.485309 3.873973 2.172727 
0.457998 7405029090909090800.000000 933577272727272700.000000 1595997272727272700.000000 57.986618 2.591236 3.059318 
0.456770 7663220909090910200.000000 790915454545454590.000000 1903297272727272700.000000 58.517727 7.046755 -1.938664 
