0.463550 0.251667e+19 0.086667e+19 30.700000 14.333333 
0.461300 0.499100e+19 0.188000e+19 73.900000 48.166667 
0.459040 0.590367e+19 0.157667e+19 122.066667 46.666667 
0.456790 0.611767e+19 0.143667e+19 111.700000 34.000000 
0.454530 0.554467e+19 0.159667e+19 126.166667 46.500000 
0.452280 0.630167e+19 0.154333e+19 126.400000 40.000000 
0.450020 0.774967e+19 0.151333e+19 141.766667 34.666667 
0.447770 0.748933e+19 0.165667e+19 184.400000 51.500000 
0.445510 0.803533e+19 0.169667e+19 183.000000 48.833333 
0.443260 0.882233e+19 0.174333e+19 242.433333 62.166667 
0.441000 0.891800e+19 0.163667e+19 209.733333 47.500000 
0.438750 0.959033e+19 0.180667e+19 206.466667 49.166667 
0.436490 0.941067e+19 0.182000e+19 267.666667 65.500000 
0.434240 0.862233e+19 0.188000e+19 285.866667 79.333333 
0.431980 1.078567e+19 0.200333e+19 257.266667 60.500000 
0.429730 1.138567e+19 0.212333e+19 321.100000 77.000000 
0.427470 1.108733e+19 0.192333e+19 278.633333 60.500000 
0.425220 1.186533e+19 0.223667e+19 345.633333 84.666667 
0.422970 1.210733e+19 0.201000e+19 311.433333 65.833333 
0.420710 1.229133e+19 0.189333e+19 316.533333 63.000000 
0.418460 1.314067e+19 0.196333e+19 313.100000 58.666667 
0.416200 1.433667e+19 0.209333e+19 310.033333 60.500000 
