# Radius   ne (m^-3)     Ene+ (m^-3)    Ene- (m^-3)   Te(eV)   ETe+    ETe-
0.440798 1248820000000000000.000000 90040000000000000.000000 410770000000000000.000000 24.126800 3.040500 4.317800 
0.439569 1407670000000000000.000000 158850000000000000.000000 380870000000000000.000000 24.859900 0.369300 7.202800 
0.438341 1517050000000000000.000000 210880000000000000.000000 325840000000000000.000000 28.444600 2.050900 5.596200 
0.437112 1563150000000000000.000000 176390000000000000.000000 422940000000000000.000000 30.199500 2.593700 5.404600 
0.435883 1659590000000000000.000000 165080000000000000.000000 480830000000000000.000000 31.586400 1.386900 7.362900 
0.434655 1815510000000000000.000000 407840000000000000.000000 200530000000000000.000000 34.554100 2.491400 6.798200 
0.433426 1684610000000000000.000000 25020000000000000.000000 656920000000000000.000000 36.686000 2.645200 6.565400 
0.432198 1986090000000000000.000000 250290000000000000.000000 462970000000000000.000000 38.949300 2.808300 6.288400 
0.430969 2077300000000000000.000000 367290000000000000.000000 335380000000000000.000000 40.738000 4.052000 5.181800 
0.429740 2046440000000000000.000000 147550000000000000.000000 632730000000000000.000000 41.352300 2.403000 7.400600 
0.428512 2272480000000000000.000000 429590000000000000.000000 327680000000000000.000000 43.903600 2.551300 7.088200 
0.427283 2172700000000000000.000000 302020000000000000.000000 466670000000000000.000000 45.919800 3.310900 6.621400 
0.426055 2238720000000000000.000000 161420000000000000.000000 692170000000000000.000000 47.315100 2.077400 7.639000 
0.424826 2485990000000000000.000000 408690000000000000.000000 444900000000000000.000000 50.234300 4.996600 4.719800 
0.423597 2485990000000000000.000000 109150000000000000.000000 867530000000000000.000000 50.234300 4.314500 5.548500 
0.422369 2844460000000000000.000000 502930000000000000.000000 410160000000000000.000000 50.991800 2.963200 7.352700 
0.421140 2760580000000000000.000000 160420000000000000.000000 853520000000000000.000000 53.333500 1.620600 12.432300 
0.419912 3065490000000000000.000000 426120000000000000.000000 603110000000000000.000000 60.117400 2.639600 8.668600 
0.418683 3158640000000000000.000000 356430000000000000.000000 736290000000000000.000000 63.826400 8.872300 0.962400 
0.417454 3353520000000000000.000000 551310000000000000.000000 541410000000000000.000000 60.117400 9.883100 0.000000 
0.416226 3353520000000000000.000000 0.000000 1238460000000000000.000000 55.782800 11.217200 3.241600 
0.414997 3953670000000000000.000000 116600000000000000.000000 1300450000000000000.000000 48.752900 2.140600 5.384800 
0.413769 4523760000000000000.000000 388530000000000000.000000 1138640000000000000.000000 50.234300 6.982900 0.000000 
0.412540 4875280000000000000.000000 801480000000000000.000000 703000000000000000.000000 47.315100 7.639000 15.563100 
0.411311 4802860000000000000.000000 541980000000000000.000000 1031590000000000000.000000 59.224300 10.599000 20.667100 
0.410083 5023430000000000000.000000 698290000000000000.000000 899000000000000000.000000 75.248900 2.286500 12.148800 
