0.502570 0.000000 0.000000 
0.501341 0.000000 0.000000 
0.500113 0.000000 0.000000 
0.498884 0.000000 0.000000 
0.497656 7000045239048207.000000 0.000000 
0.496427 0.000000 1766539878946712.000000 
0.495198 0.000000 0.000000 
0.493970 600390922702925.620000 0.000000 
0.492741 26252791791822928.000000 151502883566906.470000 
0.491513 36701018781575032.000000 6624593049322391.000000 
0.490284 48353733140315784.000000 9258220109832152.000000 
0.489055 48873490160342392.000000 12192471809508842.000000 
0.487827 62012574519559880.000000 12316525268901054.000000 
0.486598 77848954788145296.000000 15618722451395316.000000 
0.485370 83624191992065296.000000 19593092276958324.000000 
0.484141 107364139125236780.000000 21027461079453440.000000 
0.482913 109943396889145740.000000 26970608079632588.000000 
0.481684 124450555504734300.000000 27584083053876852.000000 
0.480455 126192963628608720.000000 31184108815057404.000000 
0.479227 150658499661610140.000000 31575353239461884.000000 
0.477998 152927038338194560.000000 37642415218855016.000000 
0.476770 145099587157708610.000000 38143465457284184.000000 
0.475541 143658671719584450.000000 36128257528105928.000000 
0.474312 169565061926597790.000000 35710868769663516.000000 
0.473084 183578017726713150.000000 42082691931328944.000000 
0.471855 210051610475305150.000000 45474081463541128.000000 
0.470627 219073262463996060.000000 51925732966664824.000000 
0.469398 221696012406530720.000000 54030359964623488.000000 
0.468169 231658549480167620.000000 54545981821306424.000000 
0.466941 243423510905525380.000000 56859806500722912.000000 
0.465712 239035078343851780.000000 59598200296317296.000000 
0.464484 261874600169559710.000000 58371365714258296.000000 
0.463255 284967939327852480.000000 63786565106796632.000000 
0.462026 321231930559788100.000000 69220360459141408.000000 
0.460798 325217390903859580.000000 77797277389508096.000000 
0.459569 360596240359284930.000000 78501231031543360.000000 
0.458341 376664579251976130.000000 86751913186990336.000000 
0.457112 420313147203328190.000000 90287493114089440.000000 
0.455883 420917274697725760.000000 100371387642351940.000000 
0.454655 421010278871515010.000000 100099109139112130.000000 
0.453426 502658721873757180.000000 99711513472827920.000000 
0.452198 576612097950257790.000000 118568484974920880.000000 
0.450969 640791584830345340.000000 135365793708257410.000000 
0.449740 704731456841438850.000000 149624433375611520.000000 
0.448512 761519878000051710.000000 163589353143494940.000000 
0.447283 774184989357701120.000000 175653831958649500.000000 
0.446055 826082249693683460.000000 177380957260083780.000000 
0.444826 839993349403407230.000000 188014579961042910.000000 
0.443597 896230922904921470.000000 189856676224450110.000000 
0.442369 936412809395814140.000000 201175698303958980.000000 
0.441140 999356328355241220.000000 208691017126737570.000000 
0.439912 1068836333224581600.000000 221095378983651650.000000 
0.438683 1204239001042232300.000000 234674708853657860.000000 
0.437454 1307549685079772400.000000 262318000707792130.000000 
0.436226 1398064931297439700.000000 282360055466784480.000000 
