0.481027 0.020626 0.003603 9.624346 2.943288 
0.480344 0.019660 0.003722 10.170541 2.913685 
0.479723 0.019714 0.003455 10.805276 2.877665 
0.479084 0.019599 0.002939 11.558590 2.841785 
0.478477 0.020074 0.002827 12.220733 2.766534 
0.477861 0.020501 0.002796 12.771912 2.738523 
0.477251 0.020165 0.002232 13.247393 2.800039 
0.476639 0.021161 0.002555 13.521727 2.816319 
0.476027 0.020387 0.002146 13.650673 2.784173 
0.475425 0.019379 0.001796 13.703587 2.751136 
0.474831 0.019372 0.002146 13.670490 2.692760 
0.474248 0.018651 0.002034 13.619953 2.628973 
0.473670 0.018422 0.002747 13.613207 2.616544 
0.473095 0.019198 0.002887 13.529425 2.654918 
0.472523 0.019211 0.002253 13.364746 2.767298 
0.471955 0.019761 0.001865 13.249212 2.932720 
0.471392 0.021856 0.001547 13.200950 3.127095 
0.470829 0.022649 0.002048 13.234916 3.320787 
0.470265 0.023976 0.003043 13.423481 3.467528 
0.469694 0.025207 0.003768 13.821883 3.569854 
0.469119 0.024911 0.003944 14.324561 3.618029 
0.468540 0.024787 0.003203 14.769039 3.582508 
0.467961 0.024541 0.002352 15.174589 3.500614 
0.467382 0.024973 0.002021 15.596531 3.432406 
0.466802 0.025418 0.001759 15.962494 3.357569 
0.466222 0.026500 0.002245 16.267536 3.290053 
0.465642 0.028785 0.002857 16.591487 3.279341 
0.465060 0.030064 0.002941 16.872056 3.292577 
0.464472 0.032125 0.003650 17.050750 3.326500 
0.463876 0.033833 0.003811 17.139607 3.398617 
0.463270 0.034171 0.003252 17.204085 3.556118 
0.462657 0.035695 0.003771 17.282198 3.776185 
0.462039 0.036505 0.004051 17.347261 3.998192 
0.461418 0.037954 0.004398 17.424899 4.186724 
0.460796 0.039397 0.005462 17.529643 4.255168 
0.460164 0.040157 0.006073 17.709987 4.118074 
0.459517 0.042568 0.006039 18.027759 3.826318 
0.458859 0.042650 0.006095 18.608432 3.418529 
0.458193 0.041652 0.006191 19.371305 2.898379 
0.457528 0.041434 0.005234 20.196032 2.393234 
0.456869 0.041513 0.005046 20.965361 2.000597 
0.456207 0.043248 0.005106 21.551568 1.673538 
0.455542 0.045166 0.005652 21.863223 1.400433 
0.454869 0.046086 0.007057 21.940541 1.208456 
0.454186 0.045782 0.008594 21.937092 1.052936 
0.453498 0.045666 0.009310 21.911743 0.903489 
0.452808 0.046289 0.009440 21.864772 0.806615 
0.452116 0.047405 0.010638 21.895544 0.788527 
0.451429 0.050299 0.012572 22.067371 0.798441 
0.450744 0.051975 0.014320 22.335857 0.831119 
0.450059 0.053322 0.015225 22.690446 0.914038 
0.449376 0.055721 0.015727 23.106778 1.014750 
0.448696 0.059156 0.014662 23.478136 1.043160 
0.448022 0.064046 0.014967 23.741781 1.030067 
0.447354 0.068410 0.015357 23.894471 1.020314 
0.446689 0.073555 0.014571 23.994871 0.998817 
0.446019 0.078416 0.014945 24.129584 0.973953 
0.445339 0.083817 0.013072 24.370681 1.048195 
0.444656 0.092214 0.012521 24.661975 1.199733 
0.443973 0.101929 0.015597 25.023731 1.370300 
0.443314 0.114513 0.020856 25.363292 1.557610 
0.442667 0.127215 0.026442 25.600799 1.721793 
0.442030 0.139695 0.032701 25.765729 1.821491 
0.441394 0.150569 0.037607 25.881490 1.840377 
0.440749 0.156822 0.039299 25.968121 1.812167 
0.440130 0.161035 0.041175 26.072174 1.787689 
0.439481 0.162484 0.039182 26.227864 1.801125 
0.438894 0.162505 0.036063 26.305555 1.777543 
0.438246 0.162997 0.032605 26.336869 1.736806 
0.437677 0.164324 0.028565 26.321113 1.707594 
0.437543 0.164821 0.027579 26.307951 1.699699 
