0.520657 0.010236 0.051047 0.059378 0.000512 0.002552 0.002969 
0.519428 0.013693 0.065666 0.062574 0.000685 0.003283 0.003129 
0.518199 0.021924 0.095440 0.062143 0.001096 0.004772 0.003107 
0.516971 0.019073 0.081943 0.066801 0.000954 0.004097 0.003340 
0.515742 0.030045 0.100909 0.071156 0.001502 0.005045 0.003558 
0.514514 0.043796 0.104651 0.074735 0.002190 0.005233 0.003737 
0.513285 0.061321 0.132329 0.081430 0.003066 0.006616 0.004072 
0.512056 0.069356 0.135364 0.087875 0.003468 0.006768 0.004394 
0.510828 0.075348 0.101985 0.083781 0.003767 0.005099 0.004189 
0.509599 0.066702 0.066896 0.077927 0.003335 0.003345 0.003896 
0.508371 0.075946 0.099663 0.081470 0.003797 0.004983 0.004073 
0.507142 0.086393 0.114017 0.094694 0.004320 0.005701 0.004735 
0.505913 0.102180 0.141273 0.107611 0.005109 0.007064 0.005381 
0.504685 0.106488 0.157198 0.123132 0.005324 0.007860 0.006157 
0.503456 0.123468 0.175713 0.126286 0.006173 0.008786 0.006314 
0.502228 0.132079 0.198390 0.135580 0.006604 0.009920 0.006779 
0.500999 0.150644 0.219588 0.136200 0.007532 0.010979 0.006810 
0.499770 0.164125 0.236339 0.141737 0.008206 0.011817 0.007087 
0.498542 0.174065 0.266454 0.148155 0.008703 0.013323 0.007408 
0.497313 0.194640 0.288570 0.159532 0.009732 0.014429 0.007977 
0.496085 0.219444 0.344101 0.160569 0.010972 0.017205 0.008028 
0.494856 0.240105 0.379792 0.168572 0.012005 0.018990 0.008429 
0.493627 0.258315 0.449747 0.189504 0.012916 0.022487 0.009475 
0.492399 0.271961 0.476172 0.215637 0.013598 0.023809 0.010782 
0.491170 0.298098 0.519702 0.227320 0.014905 0.025985 0.011366 
0.489942 0.329518 0.565206 0.246201 0.016476 0.028260 0.012310 
0.488713 0.358559 0.648425 0.262682 0.017928 0.032421 0.013134 
0.487484 0.391246 0.707510 0.297733 0.019562 0.035376 0.014887 
0.486256 0.436260 0.833760 0.325716 0.021813 0.041688 0.016286 
0.485027 0.486227 0.911411 0.352116 0.024311 0.045571 0.017606 
0.483799 0.520345 1.014350 0.381042 0.026017 0.050718 0.019052 
0.482570 0.538912 1.044146 0.393438 0.026946 0.052207 0.019672 
0.481341 0.571985 1.147310 0.420633 0.028599 0.057365 0.021032 
0.480113 0.604285 1.242949 0.451794 0.030214 0.062147 0.022590 
0.478884 0.662356 1.385637 0.495880 0.033118 0.069282 0.024794 
0.477656 0.693049 1.478990 0.522588 0.034652 0.073949 0.026129 
0.476427 0.748901 1.604677 0.548198 0.037445 0.080234 0.027410 
0.475198 0.809489 1.726967 0.582346 0.040474 0.086348 0.029117 
0.473970 0.901717 1.878443 0.607593 0.045086 0.093922 0.030380 
0.472741 0.994447 2.080997 0.639137 0.049722 0.104050 0.031957 
0.471513 1.047597 2.253840 0.667049 0.052380 0.112692 0.033352 
0.470284 1.119451 2.384018 0.695593 0.055973 0.119201 0.034780 
0.469055 1.234040 2.544615 0.730145 0.061702 0.127231 0.036507 
0.467827 1.324921 2.676249 0.760831 0.066246 0.133812 0.038042 
0.466598 1.465311 2.753938 0.813059 0.073266 0.137697 0.040653 
0.465370 1.578138 2.950376 0.865894 0.078907 0.147519 0.043295 
0.464141 1.670567 3.088942 0.901107 0.083528 0.154447 0.045055 
0.462913 1.799787 3.293126 0.935635 0.089989 0.164656 0.046782 
0.461684 1.953459 3.415864 0.965152 0.097673 0.170793 0.048258 
0.460455 2.100996 3.552934 0.982570 0.105050 0.177647 0.049128 
0.459227 2.158717 3.741677 0.999888 0.107936 0.187084 0.049994 
0.457998 2.232795 3.930815 1.035300 0.111640 0.196541 0.051765 
0.456770 2.384482 3.994221 1.077112 0.119224 0.199711 0.053856 
0.455541 2.478084 4.133916 1.093352 0.123904 0.206696 0.054668 
0.454312 2.573338 4.183770 1.102366 0.128667 0.209189 0.055118 
0.453084 2.594029 4.299637 1.144057 0.129701 0.214982 0.057203 
0.451855 2.658010 4.273980 1.166521 0.132901 0.213699 0.058326 
0.450627 2.632605 4.250176 1.156026 0.131630 0.212509 0.057801 
0.449398 2.635422 4.167853 1.144709 0.131771 0.208393 0.057235 
0.448169 2.621285 4.130287 1.156899 0.131064 0.206514 0.057845 
0.446941 2.661633 4.037536 1.166565 0.133082 0.201877 0.058328 
0.445712 2.710909 3.930717 1.165634 0.135545 0.196536 0.058282 
0.444484 2.710954 3.772859 1.141993 0.135548 0.188643 0.057100 
0.443255 2.780611 3.675575 1.125927 0.139031 0.183779 0.056296 
0.442026 2.801562 3.603956 1.103264 0.140078 0.180198 0.055163 
0.440798 2.796652 3.436361 1.101321 0.139833 0.171818 0.055066 
0.439569 2.759738 3.401197 1.063271 0.137987 0.170060 0.053164 
0.438341 2.751362 3.191606 1.045678 0.137568 0.159580 0.052284 
0.437112 2.684820 2.987425 0.993068 0.134241 0.149371 0.049653 
0.435883 2.626078 2.846958 0.949747 0.131304 0.142348 0.047487 
0.434655 2.522764 2.577249 0.876569 0.126138 0.128862 0.043828 
0.433426 2.424566 2.474170 0.850976 0.121228 0.123709 0.042549 
0.432198 2.428682 2.341596 0.803440 0.121434 0.117080 0.040172 
0.430969 2.337946 2.181986 0.775244 0.116897 0.109099 0.038762 
0.429740 2.208873 2.053401 0.739472 0.110444 0.102670 0.036974 
0.428512 2.107613 1.899507 0.700164 0.105381 0.094975 0.035008 
0.427283 1.978464 1.791036 0.669515 0.098923 0.089552 0.033476 
0.426055 1.914472 1.712486 0.640833 0.095724 0.085624 0.032042 
0.424826 1.849632 1.546225 0.595838 0.092482 0.077311 0.029792 
0.423597 1.719839 1.437400 0.556215 0.085992 0.071870 0.027811 
0.422369 1.649915 1.294710 0.503059 0.082496 0.064736 0.025153 
0.421140 1.519055 1.198078 0.475394 0.075953 0.059904 0.023770 
0.419912 1.430868 1.039493 0.441868 0.071543 0.051975 0.022093 
0.418683 1.309870 0.992155 0.397326 0.065494 0.049608 0.019866 
0.417454 1.238170 0.927676 0.358447 0.061909 0.046384 0.017922 
0.416226 1.118779 0.848979 0.326164 0.055939 0.042449 0.016308 
0.414997 1.026818 0.780885 0.278396 0.051341 0.039044 0.013920 
0.413769 0.903039 0.660003 0.233823 0.045152 0.033000 0.011691 
0.412540 0.806247 0.566617 0.200965 0.040312 0.028331 0.010048 
0.411311 0.710236 0.459361 0.184726 0.035512 0.022968 0.009236 
0.410083 0.621684 0.364702 0.160449 0.031084 0.018235 0.008022 
0.408854 0.490454 0.282206 0.139831 0.024523 0.014110 0.006992 
0.407626 0.401354 0.209158 0.107033 0.020068 0.010458 0.005352 
0.406397 0.332663 0.103307 0.089545 0.016633 0.005165 0.004477 
0.405168 0.251672 0.082780 0.071023 0.012584 0.004139 0.003551 
0.403940 0.179829 0.020697 0.059113 0.008991 0.001035 0.002956 
0.402711 0.125216 -0.103477 0.040876 0.006261 -0.005174 0.002044 
0.401483 0.062120 -0.374979 0.037292 0.003106 -0.018749 0.001865 
0.400254 0.007789 -1.202290 0.024311 0.000389 -0.060115 0.001216 
