# Radius   ne (cm^-3)     Ene+ (cm^-3)    Ene- (cm^-3)   Te(eV)   ETe+    ETe-
0.438341 2238720000000000000.000000 130090000000000000.000000 648630000000000000.000000 20.773000 2.617800 2.995400 
0.437112 2485990000000000000.000000 213510000000000000.000000 579500000000000000.000000 21.086300 3.728300 1.300900 
0.435883 2639370000000000000.000000 332620000000000000.000000 472350000000000000.000000 19.860900 2.760700 2.526300 
0.434655 2719570000000000000.000000 378040000000000000.000000 439070000000000000.000000 19.860900 2.241100 3.206600 
0.433426 2719570000000000000.000000 439070000000000000.000000 1541310000000000000.000000 20.464400 1.189100 3.662400 
0.432198 3668600000000000000.000000 413980000000000000.000000 721760000000000000.000000 21.727000 1.566600 3.507800 
0.430969 3780070000000000000.000000 714580000000000000.000000 355160000000000000.000000 22.724800 2.260400 2.890500 
0.429740 3560410000000000000.000000 494920000000000000.000000 574820000000000000.000000 23.067500 1.663300 3.326200 
0.428512 3560410000000000000.000000 494920000000000000.000000 574820000000000000.000000 24.126800 2.399800 2.664900 
0.427283 3560410000000000000.000000 401770000000000000.000000 700470000000000000.000000 24.490600 2.103400 3.115200 
0.426055 3668600000000000000.000000 462330000000000000.000000 721760000000000000.000000 25.234800 1.108000 4.516100 
0.424826 3780070000000000000.000000 525450000000000000.000000 610290000000000000.000000 27.195700 3.068900 2.555200 
0.423597 3837070000000000000.000000 276660000000000000.000000 965790000000000000.000000 27.195700 3.427300 1.677800 
0.422369 4135230000000000000.000000 466630000000000000.000000 813570000000000000.000000 26.393700 3.326200 1.628400 
0.421140 4260880000000000000.000000 63290000000000000.000000 1486890000000000000.000000 25.615300 0.000000 5.039600 
0.419912 4948800000000000000.000000 623660000000000000.000000 973630000000000000.000000 28.022100 2.787300 1.728800 
0.418683 5023430000000000000.000000 499670000000000000.000000 1170980000000000000.000000 27.605800 2.371000 2.145100 
0.417454 5254120000000000000.000000 863760000000000000.000000 668310000000000000.000000 27.605800  0.838800 5.929300 
0.416226 5099170000000000000.000000 575410000000000000.000000 1095240000000000000.000000 31.117200 2.672600 2.417900 
0.414997 5333350000000000000.000000 1135760000000000000.000000 414420000000000000.000000 31.117200 1.429000 6.683500 
0.413769 4948800000000000000.000000 1334700000000000000.000000 0.000000 35.604100 2.069000 4.528800 
0.412540 4260880000000000000.000000 907360000000000000.000000 331100000000000000.000000 36.686000 5.289900 12.802000 
0.411311 3953670000000000000.000000 58740000000000000.000000 1379680000000000000.000000 45.919800 3.943900 3.568200 
0.410083 4591980000000000000.000000 68220000000000000.000000 1602430000000000000.000000 45.919800 1.395300 8.217900 
