# Radius I 667.99 I 706.75 I 728.34 D 667.99 D 706.75 D 728.34
99
0.520657 0.000262 0.046730 0.025567 0.000013 0.002336 0.001278 
0.519428 0.007558 0.054550 0.028127 0.000378 0.002728 0.001406 
0.518199 0.008935 0.074330 0.028346 0.000447 0.003717 0.001417 
0.516971 0.015136 0.054617 0.031916 0.000757 0.002731 0.001596 
0.515742 0.023390 0.069458 0.034720 0.001169 0.003473 0.001736 
0.514514 0.036282 0.065905 0.038634 0.001814 0.003295 0.001932 
0.513285 0.037709 0.081894 0.040018 0.001885 0.004095 0.002001 
0.512056 0.042100 0.075082 0.041496 0.002105 0.003754 0.002075 
0.510828 0.043100 0.050833 0.041997 0.002155 0.002542 0.002100 
0.509599 0.041184 0.025409 0.036514 0.002059 0.001270 0.001826 
0.508371 0.047870 0.050013 0.039840 0.002394 0.002501 0.001992 
0.507142 0.058992 0.056655 0.045632 0.002950 0.002833 0.002282 
0.505913 0.061221 0.068504 0.051587 0.003061 0.003425 0.002579 
0.504685 0.064710 0.067359 0.061880 0.003235 0.003368 0.003094 
0.503456 0.072872 0.074583 0.060624 0.003644 0.003729 0.003031 
0.502228 0.083299 0.078401 0.060942 0.004165 0.003920 0.003047 
0.500999 0.090472 0.090247 0.059505 0.004524 0.004512 0.002975 
0.499770 0.097358 0.098056 0.062131 0.004868 0.004903 0.003107 
0.498542 0.098862 0.122552 0.063705 0.004943 0.006128 0.003185 
0.497313 0.112134 0.142253 0.065812 0.005607 0.007113 0.003291 
0.496085 0.123390 0.182493 0.070053 0.006170 0.009125 0.003503 
0.494856 0.133793 0.194536 0.076096 0.006690 0.009727 0.003805 
0.493627 0.136076 0.230777 0.082061 0.006804 0.011539 0.004103 
0.492399 0.149970 0.245634 0.088372 0.007498 0.012282 0.004419 
0.491170 0.163068 0.276404 0.096231 0.008153 0.013820 0.004812 
0.489942 0.179712 0.293442 0.101745 0.008986 0.014672 0.005087 
0.488713 0.190600 0.344181 0.107617 0.009530 0.017209 0.005381 
0.487484 0.219862 0.368901 0.119102 0.010993 0.018445 0.005955 
0.486256 0.242324 0.437121 0.131955 0.012116 0.021856 0.006598 
0.485027 0.271771 0.479231 0.143907 0.013589 0.023962 0.007195 
0.483799 0.283557 0.526640 0.156942 0.014178 0.026332 0.007847 
0.482570 0.290706 0.507108 0.150499 0.014535 0.025355 0.007525 
0.481341 0.288907 0.542683 0.153879 0.014445 0.027134 0.007694 
0.480113 0.285034 0.577573 0.157214 0.014252 0.028879 0.007861 
0.478884 0.289448 0.640673 0.162808 0.014472 0.032034 0.008140 
0.477656 0.290562 0.661944 0.165379 0.014528 0.033097 0.008269 
0.476427 0.301409 0.697457 0.173751 0.015070 0.034873 0.008688 
0.475198 0.319032 0.720210 0.178599 0.015952 0.036011 0.008930 
0.473970 0.336477 0.774161 0.183142 0.016824 0.038708 0.009157 
0.472741 0.381065 0.839640 0.190301 0.019053 0.041982 0.009515 
0.471513 0.396926 0.896799 0.198686 0.019846 0.044840 0.009934 
0.470284 0.422136 0.941626 0.205904 0.021107 0.047081 0.010295 
0.469055 0.453047 1.019022 0.215663 0.022652 0.050951 0.010783 
0.467827 0.504767 1.077256 0.222590 0.025238 0.053863 0.011129 
0.466598 0.566693 1.100316 0.241549 0.028335 0.055016 0.012077 
0.465370 0.606176 1.180711 0.253480 0.030309 0.059036 0.012674 
0.464141 0.625184 1.232306 0.262183 0.031259 0.061615 0.013109 
0.462913 0.711738 1.304404 0.267602 0.035587 0.065220 0.013380 
0.461684 0.787954 1.355158 0.277679 0.039398 0.067758 0.013884 
0.460455 0.816266 1.419921 0.281856 0.040813 0.070996 0.014093 
0.459227 0.811961 1.537084 0.287879 0.040598 0.076854 0.014394 
0.457998 0.834315 1.660384 0.304425 0.041716 0.083019 0.015221 
0.456770 0.920175 1.728577 0.326051 0.046009 0.086429 0.016303 
0.455541 0.962749 1.844237 0.332932 0.048137 0.092212 0.016647 
0.454312 0.976422 1.911905 0.336599 0.048821 0.095595 0.016830 
0.453084 0.977851 2.012489 0.353939 0.048893 0.100624 0.017697 
0.451855 1.010624 2.063773 0.369441 0.050531 0.103189 0.018472 
0.450627 0.985208 2.106802 0.371268 0.049260 0.105340 0.018563 
0.449398 0.984954 2.123603 0.365615 0.049248 0.106180 0.018281 
0.448169 1.012448 2.166982 0.376551 0.050622 0.108349 0.018828 
0.446941 1.041298 2.177819 0.391324 0.052065 0.108891 0.019566 
0.445712 1.099241 2.175208 0.398933 0.054962 0.108760 0.019947 
0.444484 1.168707 2.148586 0.406296 0.058435 0.107429 0.020315 
0.443255 1.260808 2.182751 0.422415 0.063040 0.109138 0.021121 
0.442026 1.311727 2.237828 0.439551 0.065586 0.111891 0.021978 
0.440798 1.333647 2.219540 0.457613 0.066682 0.110977 0.022881 
0.439569 1.333444 2.292916 0.459492 0.066672 0.114646 0.022975 
0.438341 1.368661 2.205026 0.464059 0.068433 0.110251 0.023203 
0.437112 1.368832 2.120875 0.454576 0.068442 0.106044 0.022729 
0.435883 1.358834 2.092373 0.441915 0.067942 0.104619 0.022096 
0.434655 1.283134 1.949074 0.417641 0.064157 0.097454 0.020882 
0.433426 1.267177 1.916491 0.416596 0.063359 0.095825 0.020830 
0.432198 1.440086 1.839360 0.407817 0.072004 0.091968 0.020391 
0.430969 1.463785 1.735886 0.401064 0.073189 0.086794 0.020053 
0.429740 1.399922 1.656700 0.389583 0.069996 0.082835 0.019479 
0.428512 1.350245 1.553471 0.378534 0.067512 0.077674 0.018927 
0.427283 1.297635 1.501334 0.380353 0.064882 0.075067 0.019018 
0.426055 1.288719 1.480250 0.382247 0.064436 0.074012 0.019112 
0.424826 1.279753 1.381710 0.371983 0.063988 0.069085 0.018599 
0.423597 1.226667 1.323324 0.352713 0.061333 0.066166 0.017636 
0.422369 1.167237 1.223585 0.330742 0.058362 0.061179 0.016537 
0.421140 1.076371 1.143751 0.320357 0.053819 0.057188 0.016018 
0.419912 1.070525 1.000157 0.298468 0.053526 0.050008 0.014923 
0.418683 1.004601 0.951856 0.270991 0.050230 0.047593 0.013550 
0.417454 0.953436 0.882670 0.250389 0.047672 0.044133 0.012519 
0.416226 0.889733 0.811888 0.228601 0.044487 0.040594 0.011430 
0.414997 0.830708 0.751200 0.198034 0.041535 0.037560 0.009902 
0.413769 0.779245 0.648735 0.170417 0.038962 0.032437 0.008521 
0.412540 0.707449 0.569688 0.155456 0.035372 0.028484 0.007773 
0.411311 0.637857 0.457803 0.145184 0.031893 0.022890 0.007259 
0.410083 0.567979 0.358554 0.129873 0.028399 0.017928 0.006494 
0.408854 0.469896 0.268416 0.110511 0.023495 0.013421 0.005526 
0.407626 0.386451 0.190887 0.093797 0.019323 0.009544 0.004690 
0.406397 0.327495 0.087687 0.081788 0.016375 0.004384 0.004089 
0.405168 0.253922 0.068048 0.069815 0.012696 0.003402 0.003491 
0.403940 0.198429 0.020698 0.064332 0.009921 0.001035 0.003217 
0.402711 0.140881 0.088746 0.051706 0.007044 0.004437 0.002585 
0.401483 0.088600 0.327621 0.047237 0.004430 0.016381 0.002362 
0.400254 0.015578 1.076576 0.027859 0.000779 0.053829 0.001393 
