0.520113 0.000000 0.000000 
0.518884 0.000000 0.000000 
0.517656 0.000000 23647008220979388.000000 
0.516427 0.000000 17403254248799078.000000 
0.515198 0.000000 8817156807942146.000000 
0.513970 0.000000 2759656291010297.500000 
0.512741 0.000000 1883285951856839.000000 
0.511513 19762440689274424.000000 1669830208030000.000000 
0.510284 8883104981977796.000000 0.000000 
0.509055 12618865484480684.000000 0.000000 
0.507827 7772048329493041.000000 0.000000 
0.506598 18693212053464488.000000 231323088807959.060000 
0.505370 32156095171766952.000000 657789916133145.120000 
0.504141 43767088709630992.000000 0.000000 
0.502913 63306633504714520.000000 0.000000 
0.501684 71670783468078624.000000 0.000000 
0.500455 89443231801515520.000000 0.000000 
0.499227 90852340732894080.000000 0.000000 
0.497998 104880519559503020.000000 0.000000 
0.496770 101183146137360640.000000 0.000000 
0.495541 95295147771541840.000000 0.000000 
0.494312 89615178104915056.000000 0.000000 
0.493084 105353164587697570.000000 336409856682799.560000 
0.491855 116348307509632860.000000 821470926798893.870000 
0.490627 126294425566605010.000000 0.000000 
0.489398 138492324225918350.000000 0.000000 
0.488169 144994144227454210.000000 0.000000 
0.486941 152403204817645950.000000 0.000000 
0.485712 166342782776216190.000000 0.000000 
0.484484 167804238375427300.000000 0.000000 
0.483255 190052788161954340.000000 0.000000 
0.482026 217772118132042180.000000 0.000000 
0.480798 256194337832968000.000000 0.000000 
0.479569 280133835190244610.000000 0.000000 
0.478341 324946245680577020.000000 0.000000 
0.477112 360539042534687300.000000 0.000000 
0.475883 415266208985803900.000000 0.000000 
0.474655 426696033850570560.000000 2469067843081054.000000 
0.473426 435811916810198660.000000 3263973324224637.000000 
0.472198 510868600374444100.000000 7068887116265287.000000 
0.470969 586347411001821440.000000 12373238967810292.000000 
0.469740 658925050370594180.000000 18491742833506320.000000 
0.468512 740323740809707260.000000 20551601941710260.000000 
0.467283 816509870453068420.000000 19017411262221736.000000 
0.466055 868250967712234750.000000 24607803116824912.000000 
0.464826 952701726374534020.000000 32563058211889076.000000 
0.463597 989808774956303100.000000 39417371431638192.000000 
0.462369 1073795939563165400.000000 45019234436194152.000000 
0.461140 1134755566700596600.000000 54488578581023888.000000 
0.459912 1223235345510743600.000000 61158818990966528.000000 
0.458683 1314382179975495200.000000 70037525133768360.000000 
0.457454 1472482474499396400.000000 76635878763376992.000000 
0.456226 1587463524082450700.000000 86448908060193216.000000 
0.454997 1646396666679123700.000000 94308277130739392.000000 
0.453769 1744305091172706600.000000 104442354931577710.000000 
