0.480698 0.044091 0.002553 8.768526 1.494603 
0.480031 0.045134 0.003584 8.881216 1.525111 
0.479414 0.043519 0.001838 9.090586 1.448676 
0.478771 0.041790 0.002154 9.355124 1.358707 
0.478148 0.041473 0.005183 9.654762 1.277093 
0.477519 0.040698 0.007681 9.952178 1.205783 
0.476904 0.041631 0.007910 10.159230 1.211542 
0.476290 0.043522 0.007617 10.312382 1.284972 
0.475686 0.044334 0.008252 10.484216 1.353800 
0.475089 0.049133 0.005910 10.675966 1.408864 
0.474497 0.050137 0.005572 10.924556 1.428743 
0.473913 0.048979 0.006070 11.272598 1.363549 
0.473334 0.050633 0.005167 11.621477 1.280877 
0.472766 0.048972 0.007062 11.917861 1.229676 
0.472207 0.049791 0.007917 12.146126 1.158250 
0.471651 0.053778 0.008182 12.237633 1.034669 
0.471089 0.058398 0.008650 12.211905 0.929006 
0.470518 0.064845 0.005281 12.188896 0.842605 
0.469940 0.073729 0.001699 12.225958 0.737168 
0.469358 0.078660 0.002241 12.355015 0.663564 
0.468779 0.078508 0.003115 12.596532 0.622237 
0.468203 0.080532 0.004444 12.874607 0.607931 
0.467632 0.080793 0.005821 13.077914 0.625797 
0.467060 0.081985 0.008575 13.172746 0.631827 
0.466482 0.085989 0.009165 13.215197 0.612234 
0.465901 0.087869 0.009351 13.287675 0.604047 
0.465311 0.088677 0.011395 13.436392 0.607442 
0.464718 0.085574 0.012580 13.693268 0.602862 
0.464121 0.084561 0.012675 14.087344 0.591392 
0.463522 0.087203 0.010795 14.482074 0.624507 
0.462925 0.088219 0.010215 14.759452 0.694114 
0.462320 0.094824 0.009274 14.958998 0.766149 
0.461711 0.102321 0.009849 15.135058 0.844127 
0.461091 0.103087 0.014606 15.265277 0.920530 
0.460462 0.104667 0.017478 15.441564 0.909100 
0.459837 0.110007 0.017220 15.782417 0.787415 
0.459204 0.113269 0.016261 16.201949 0.615946 
0.458560 0.117570 0.014777 16.606763 0.496165 
0.457900 0.124988 0.010826 17.028487 0.548449 
0.457215 0.129291 0.008687 17.441523 0.736449 
0.456528 0.133975 0.008446 17.828445 0.993560 
0.455842 0.138119 0.007479 18.259243 1.245880 
0.455163 0.137752 0.010349 18.702131 1.428978 
0.454492 0.140409 0.013253 19.082343 1.570259 
0.453820 0.143084 0.015414 19.421644 1.680504 
0.453146 0.145642 0.019218 19.623817 1.762787 
0.452469 0.152781 0.021311 19.617425 1.796354 
0.451788 0.157821 0.021884 19.580721 1.802283 
0.451106 0.163173 0.022030 19.563610 1.823920 
0.450428 0.170534 0.018888 19.534316 1.847836 
0.449751 0.174478 0.016457 19.568209 1.870937 
0.449070 0.176427 0.015175 19.728249 1.916422 
0.448382 0.180871 0.013116 19.860922 2.015972 
0.447688 0.183827 0.011312 19.941718 2.105204 
0.446996 0.189006 0.006948 20.000525 2.134875 
0.446315 0.196772 0.006802 19.999803 2.125284 
0.445649 0.205432 0.010330 19.949412 2.090322 
0.444993 0.213069 0.012422 19.981333 2.030239 
0.444343 0.217453 0.014562 20.134828 2.009338 
0.443690 0.220652 0.016422 20.336962 2.115571 
0.443043 0.219588 0.016747 20.617341 2.279739 
0.442394 0.218820 0.014757 20.862431 2.420309 
0.441749 0.217154 0.012178 21.021173 2.563449 
0.441105 0.216888 0.011401 21.105017 2.666138 
0.440451 0.215917 0.007279 21.113647 2.672833 
0.439824 0.214744 0.004122 21.056275 2.641663 
0.439169 0.217303 0.004771 20.976898 2.673888 
0.438578 0.219610 0.004206 20.833097 2.651854 
0.437930 0.223722 0.003984 20.496601 2.565619 
0.437361 0.229277 0.004738 20.147459 2.539587 
0.437227 0.230794 0.005039 20.061893 2.540247 
