0.472570 0.329700 0.124000 45.700000 23.000000 
0.470320 0.455400 0.125000 36.300000 13.000000 
0.468060 0.441900 0.128000 55.700000 21.500000 
0.465810 0.393800 0.116000 46.100000 19.500000 
0.463550 0.420700 0.124000 69.000000 27.500000 
0.461300 0.592000 0.153000 117.600000 39.500000 
0.459040 0.592700 0.129000 68.700000 20.000000 
0.456790 0.608600 0.140000 124.500000 36.500000 
0.454530 0.549700 0.147000 108.500000 37.500000 
0.452280 0.615000 0.144000 114.500000 34.500000 
0.450020 0.733300 0.150000 151.800000 39.500000 
0.447770 0.803500 0.150000 141.800000 33.500000 
0.445510 0.829100 0.165000 181.200000 46.500000 
0.443260 0.971900 0.153000 172.200000 34.500000 
0.441000 1.026400 0.152000 167.600000 31.500000 
0.438750 1.109100 0.169000 179.000000 35.000000 
0.436490 1.025600 0.159000 174.100000 34.500000 
0.434240 1.009000 0.163000 189.300000 39.000000 
0.431980 1.081500 0.176000 173.000000 35.500000 
0.429730 1.272400 0.176000 191.700000 33.500000 
0.427470 1.175000 0.167000 175.000000 31.500000 
0.425220 1.116400 0.178000 197.400000 40.000000 
0.422970 1.312000 0.173000 193.000000 32.500000 
0.420710 1.358600 0.166000 199.100000 30.500000 
0.418460 1.410600 0.171000 209.800000 32.000000 
0.416200 1.606500 0.181000 195.600000 27.500000 
0.413950 1.496200 0.189000 245.400000 40.000000 
0.411690 1.343800 0.172000 192.800000 31.500000 
0.409440 1.474900 0.184000 183.900000 29.500000 
0.407180 1.444700 0.178000 210.000000 33.500000 
0.404930 1.318300 0.179000 205.600000 36.500000 
0.402670 1.605400 0.192000 215.000000 33.500000 
0.400420 1.460500 0.188000 209.800000 35.500000 
0.398160 1.440300 0.188000 204.700000 34.500000 
0.395910 0.938700 0.221000 305.300000 95.500000 
0.393650 0.372300 0.251000 327.300000 297.500000 
0.391400 0.000000 0.000000 0.000000 0.000000 
0.389140 0.000000 0.000000 0.000000 0.000000 
0.386890 0.000000 0.000000 0.000000 0.000000 
0.384630 0.000000 0.000000 0.000000 0.000000 
0.382380 0.000000 0.000000 0.000000 0.000000 
0.380120 0.000000 0.000000 0.000000 0.000000 
0.377870 0.000000 0.000000 0.000000 0.000000 
0.375610 0.000000 0.000000 0.000000 0.000000 
0.373360 0.000000 0.000000 0.000000 0.000000 
0.371100 0.000000 0.000000 0.000000 0.000000 
0.368850 0.000000 0.000000 0.000000 0.000000 
0.366600 0.000000 0.000000 0.000000 0.000000 
