0.520657 0.007765 0.112966 0.082092 0.000388 0.005648 0.004105 
0.519428 0.025564 0.146306 0.090423 0.001278 0.007315 0.004521 
0.518199 0.036131 0.182980 0.094548 0.001807 0.009149 0.004727 
0.516971 0.049084 0.176540 0.107361 0.002454 0.008827 0.005368 
0.515742 0.065405 0.211854 0.116784 0.003270 0.010593 0.005839 
0.514514 0.091184 0.231575 0.130472 0.004559 0.011579 0.006524 
0.513285 0.104170 0.277443 0.140307 0.005209 0.013872 0.007015 
0.512056 0.122169 0.301726 0.151557 0.006108 0.015086 0.007578 
0.510828 0.139751 0.291874 0.156930 0.006988 0.014594 0.007847 
0.509599 0.143743 0.283502 0.156267 0.007187 0.014175 0.007813 
0.508371 0.168893 0.365310 0.174330 0.008445 0.018265 0.008717 
0.507142 0.205143 0.418173 0.196756 0.010257 0.020909 0.009838 
0.505913 0.232940 0.484769 0.218785 0.011647 0.024238 0.010939 
0.504685 0.259474 0.539269 0.248070 0.012974 0.026963 0.012404 
0.503456 0.288453 0.606915 0.257381 0.014423 0.030346 0.012869 
0.502228 0.324292 0.691795 0.280124 0.016215 0.034590 0.014006 
0.500999 0.369465 0.773744 0.300673 0.018473 0.038687 0.015034 
0.499770 0.408784 0.867247 0.331138 0.020439 0.043362 0.016557 
0.498542 0.439569 0.996298 0.362520 0.021978 0.049815 0.018126 
0.497313 0.503637 1.126311 0.401087 0.025182 0.056316 0.020054 
0.496085 0.582763 1.292205 0.445032 0.029138 0.064610 0.022252 
0.494856 0.693378 1.454901 0.494197 0.034669 0.072745 0.024710 
0.493627 0.804061 1.702382 0.565586 0.040203 0.085119 0.028279 
0.492399 0.945733 1.934273 0.649727 0.047287 0.096714 0.032486 
0.491170 1.111800 2.171645 0.723417 0.055590 0.108582 0.036171 
0.489942 1.299319 2.424184 0.797769 0.064966 0.121209 0.039888 
0.488713 1.509772 2.739098 0.870833 0.075489 0.136955 0.043542 
0.487484 1.792496 3.037720 0.972510 0.089625 0.151886 0.048625 
0.486256 2.101506 3.476180 1.064033 0.105075 0.173809 0.053202 
0.485027 2.452139 3.792053 1.150291 0.122607 0.189603 0.057515 
0.483799 2.748255 4.142280 1.243660 0.137413 0.207114 0.062183 
0.482570 3.150394 4.389651 1.287178 0.157520 0.219483 0.064359 
0.481341 3.561849 4.706197 1.366360 0.178092 0.235310 0.068318 
0.480113 3.936738 4.971514 1.418336 0.196837 0.248576 0.070917 
0.478884 4.345404 5.247738 1.474434 0.217270 0.262387 0.073722 
0.477656 4.573656 5.343716 1.496972 0.228683 0.267186 0.074849 
0.476427 4.766860 5.365901 1.526905 0.238343 0.268295 0.076345 
0.475198 4.977189 5.261513 1.529914 0.248859 0.263076 0.076496 
0.473970 5.127963 5.118231 1.506057 0.256398 0.255912 0.075303 
0.472741 5.289792 5.040971 1.470717 0.264490 0.252049 0.073536 
0.471513 5.240823 4.852641 1.426487 0.262041 0.242632 0.071324 
0.470284 5.167400 4.590105 1.371519 0.258370 0.229505 0.068576 
0.469055 5.106859 4.365992 1.315778 0.255343 0.218300 0.065789 
0.467827 5.061950 4.102243 1.238722 0.253098 0.205112 0.061936 
0.466598 5.072847 3.747523 1.191735 0.253642 0.187376 0.059587 
0.465370 4.929238 3.527384 1.130534 0.246462 0.176369 0.056527 
0.464141 4.703859 3.243362 1.060612 0.235193 0.162168 0.053031 
0.462913 4.687464 3.002737 0.983631 0.234373 0.150137 0.049182 
0.461684 4.592966 2.722550 0.909069 0.229648 0.136127 0.045453 
0.460455 4.310039 2.498175 0.826152 0.215502 0.124909 0.041308 
0.459227 3.956336 2.343367 0.749311 0.197817 0.117168 0.037466 
0.457998 3.661598 2.194488 0.689068 0.183080 0.109724 0.034453 
0.456770 3.478229 2.000632 0.638825 0.173911 0.100032 0.031941 
0.455541 3.204999 1.851267 0.570111 0.160250 0.092563 0.028506 
0.454312 2.891931 1.675291 0.504304 0.144597 0.083765 0.025215 
0.453084 2.584004 1.523603 0.460359 0.129200 0.076180 0.023018 
0.451855 2.361378 1.354560 0.415502 0.118069 0.067728 0.020775 
0.450627 2.061822 1.214110 0.360119 0.103091 0.060706 0.018006 
0.449398 1.805393 1.073434 0.303591 0.090270 0.053672 0.015180 
0.448169 1.613368 0.968222 0.269861 0.080668 0.048411 0.013493 
0.446941 1.436995 0.873357 0.242047 0.071850 0.043668 0.012102 
0.445712 1.282327 0.769215 0.205396 0.064116 0.038461 0.010270 
0.444484 1.151758 0.679766 0.172339 0.057588 0.033988 0.008617 
0.443255 1.072316 0.599049 0.151112 0.053616 0.029952 0.007556 
0.442026 0.976936 0.553610 0.133810 0.048847 0.027680 0.006690 
0.440798 0.872996 0.475548 0.119982 0.043650 0.023777 0.005999 
0.439569 0.767401 0.465662 0.098305 0.038370 0.023283 0.004915 
0.438341 0.705361 0.388393 0.088693 0.035268 0.019420 0.004435 
0.437112 0.629852 0.327724 0.073984 0.031493 0.016386 0.003699 
0.435883 0.564931 0.287218 0.057852 0.028247 0.014361 0.002893 
0.434655 0.478566 0.227155 0.034061 0.023928 0.011358 0.001703 
0.433426 0.425034 0.210845 0.025170 0.021252 0.010542 0.001258 
0.432198 0.462519 0.190372 0.019763 0.023126 0.009519 0.000988 
0.430969 0.429016 0.161557 0.016993 0.021451 0.008078 0.000850 
0.429740 0.363927 0.159260 0.008661 0.018196 0.007963 0.000433 
0.428512 0.319301 0.130943 -0.002069 0.015965 0.006547 -0.000103 
0.427283 0.275059 0.130029 -0.003067 0.013753 0.006501 -0.000153 
0.426055 0.258173 0.138131 0.000693 0.012909 0.006907 0.000035 
0.424826 0.248930 0.135533 -0.000105 0.012447 0.006777 -0.000005 
0.423597 0.227728 0.123433 -0.005532 0.011386 0.006172 -0.000277 
0.422369 0.216265 0.106784 -0.011761 0.010813 0.005339 -0.000588 
