0.486256 97748181818181824.000000 2882727272727272.500000 38116363636363640.000000 2.097045 0.208591 0.450418 
0.485027 916283636363636350.000000 430317272727272700.000000 263673636363636350.000000 19.713836 10.184009 3.067555 
0.483799 1093469090909090900.000000 -60012727272727272.000000 531427272727272700.000000 22.106145 2.727173 3.604645 
0.482570 1493880000000000000.000000 55829090909090912.000000 522419090909090880.000000 24.936645 3.140364 3.829845 
0.481341 1715320909090909200.000000 63809090909090912.000000 582112727272727300.000000 25.278682 3.333827 3.335373 
0.480113 1954544545454545400.000000 75467272727272720.000000 630978181818181760.000000 25.350973 3.166827 3.263073 
0.478884 2220656363636363500.000000 204781818181818180.000000 553938181818181820.000000 25.488382 3.152573 3.282227 
0.477656 2379620000000000000.000000 263405454545454560.000000 517454545454545470.000000 25.557582 2.419845 3.960600 
0.476427 2497404545454545400.000000 190733636363636350.000000 661129090909090940.000000 26.403855 1.970009 4.471782 
0.475198 2712441818181818400.000000 171770909090909090.000000 756724545454545410.000000 27.692655 2.374818 3.947982 
0.473970 2982910909090909200.000000 146988181818181820.000000 889391818181818240.000000 28.612209 3.221818 2.778236 
0.472741 3329635454545454600.000000 363971818181818180.000000 692645454545454590.000000 28.462718 2.653400 3.230355 
0.471513 3467970909090909200.000000 353311818181818180.000000 779760000000000000.000000 28.932636 2.449818 3.454927 
0.470284 3652535454545454600.000000 345604545454545470.000000 863969090909090940.000000 29.487673 2.647791 3.159745 
0.469055 3888682727272727000.000000 226572727272727260.000000 1111770000000000000.000000 29.842809 2.893155 2.717473 
0.467827 4293488181818181600.000000 281030909090909090.000000 1170870000000000000.000000 29.844109 0.757064 4.633718 
0.466598 4704776363636363300.000000 460215454545454530.000000 1092877272727272700.000000 31.949255 2.574764 2.866100 
0.465370 4984540909090909200.000000 573167272727272700.000000 1039976363636363600.000000 32.259136 2.076309 3.037300 
0.464141 5187075454545454100.000000 77896363636363632.000000 1819109090909090800.000000 32.883491 2.910227 1.785991 
0.462913 6023528181818181600.000000 178819090909090910.000000 2067135454545454600.000000 32.478955 2.294109 1.825473 
0.461684 6890690000000001000.000000 589316363636363650.000000 1859494545454545400.000000 32.438345 2.771709 1.145100 
