0.526371 0.000000 0.000000 
0.525142 0.000000 0.000000 
0.523913 0.000000 0.000000 
0.522685 0.000000 0.000000 
0.521456 0.000000 0.000000 
0.520228 0.000000 0.000000 
0.518999 75663810682071.812000 21840548553965.785000 
0.517770 1700476816392888.000000 491470152452682.750000 
0.516542 5758668193702082.000000 1665323117148999.700000 
0.515313 5857385172982463.000000 1693703647344351.200000 
0.514085 10488604955311842.000000 3033204279375425.000000 
0.512856 13750406117564584.000000 3976399608026904.500000 
0.511627 19311760779699940.000000 5583545724002524.000000 
0.510399 19022712854409196.000000 5498644489443754.000000 
0.509170 17371475995436024.000000 5020132043508007.000000 
0.507942 22541622372099724.000000 6513160508883547.000000 
0.506713 28818540941988224.000000 8324334460441444.000000 
0.505484 33207980207038512.000000 9589110378082978.000000 
0.504256 38056657485251720.000000 10984467911570394.000000 
0.503027 45158051283873448.000000 13028324667124302.000000 
0.501799 51127087400152096.000000 14742639890190828.000000 
0.500570 60141289368354816.000000 17331205124681108.000000 
0.499341 67569101576013128.000000 19457759492826564.000000 
0.498113 80237686780748176.000000 23087398430178344.000000 
0.496884 93205648536136560.000000 26793528900356720.000000 
0.495656 110255012704546300.000000 31660439386751848.000000 
0.494427 130194104103429730.000000 37338603132802912.000000 
0.493198 158249735694965700.000000 45317739315629704.000000 
0.491970 190006556689315200.000000 54314498299967952.000000 
0.490741 217801648800454780.000000 62126505962499552.000000 
0.489513 246987371643126750.000000 70280091709880040.000000 
0.488284 281669046104527780.000000 79928384883048096.000000 
0.487055 314018378829714430.000000 88830205221725680.000000 
0.485827 355124596938507970.000000 100112619960856800.000000 
0.484598 395063179751513020.000000 110942132493930450.000000 
0.483370 456236178773669310.000000 127578478803472900.000000 
0.482141 503931434212500540.000000 140236382561764560.000000 
0.480913 555731743530229700.000000 153841261324950660.000000 
0.479684 604238205963589760.000000 166319748573577280.000000 
0.478455 680440285067414270.000000 186160352050950050.000000 
0.477227 720952867570693630.000000 195923397124891550.000000 
0.475998 780891783258517630.000000 210738618422555360.000000 
0.474770 843980193877985790.000000 226089437464250560.000000 
0.473541 912924444362777730.000000 242662122952628190.000000 
0.472312 999757240752557180.000000 263572245202118180.000000 
0.471084 1065526570426551600.000000 278465229123340480.000000 
0.469855 1158000956787632100.000000 299908406864287300.000000 
0.468627 1262297867904390700.000000 323820659600669630.000000 
0.467398 1330423196088237800.000000 337884955470658690.000000 
0.466169 1396455290626234900.000000 351051907434031230.000000 
0.464941 1492187220273865200.000000 371265615321707140.000000 
0.463712 1554065226822237200.000000 382572724158710720.000000 
0.462484 1627924581406368000.000000 396515009165467900.000000 
0.461255 1681310569492599800.000000 405155165886471550.000000 
0.460026 1705974947884294900.000000 406753581710308610.000000 
