0.464141 815863636363636350.000000 -39003636363636360.000000 426680909090909120.000000 25.089955 2.108945 4.546027 
0.462913 1376879090909090800.000000 -19943636363636364.000000 625487272727272700.000000 35.820500 2.262064 6.981073 
0.461684 1684954545454545400.000000 101866363636363630.000000 562962727272727300.000000 38.183709 3.600582 5.567164 
0.460455 1902374545454545400.000000 209691818181818180.000000 491191818181818180.000000 39.243627 4.423409 4.511773 
0.459227 2036100000000000000.000000 232126363636363650.000000 501749090909090880.000000 39.509191 3.969764 4.789300 
0.457998 2155726363636363500.000000 137046363636363630.000000 680066363636363650.000000 40.000682 2.017936 7.022109 
0.456770 2412250000000000000.000000 180090000000000000.000000 698095454545454590.000000 42.639509 4.037000 4.631136 
0.455541 2653184545454545400.000000 221760000000000000.000000 725445454545454590.000000 43.039791 3.376155 5.134255 
0.454312 2893744545454545400.000000 371385454545454530.000000 606519090909090940.000000 44.042800 3.726055 4.857709 
0.453084 2993630909090909200.000000 242556363636363650.000000 808629090909090940.000000 44.827382 2.891064 5.554918 
0.451855 3260051818181818400.000000 468373636363636350.000000 598635454545454590.000000 46.433909 4.044845 4.497336 
0.450627 3295950909090909200.000000 411038181818181820.000000 685988181818181760.000000 46.814473 3.788845 4.605127 
0.449398 3418880909090909200.000000 435843636363636350.000000 693835454545454590.000000 47.452600 3.538227 4.816545 
0.448169 3526223636363636200.000000 462580000000000000.000000 714562727272727300.000000 48.235000 2.801118 5.770791 
0.446941 3631391818181818400.000000 453044545454545470.000000 755620909090909060.000000 50.040927 3.159709 5.454018 
0.445712 3762179090909090800.000000 396453636363636350.000000 877655454545454590.000000 51.424764 3.381473 5.136482 
0.444484 3978920000000000000.000000 315900000000000000.000000 1063011818181818200.000000 52.557264 3.925191 4.080445 
0.443255 4318050000000000000.000000 466314545454545470.000000 963248181818181760.000000 52.845445 4.538682 3.182691 
0.442026 4541051818181818400.000000 642680909090909060.000000 833291818181818240.000000 52.344382 2.833200 5.157936 
0.440798 4602616363636363800.000000 667550909090909060.000000 800020000000000000.000000 53.795164 6.069482 1.632327 
0.439569 4639294545454545900.000000 518076363636363650.000000 1027205454545454600.000000 51.783936 2.472318 5.170155 
0.438341 4865349090909090800.000000 572210000000000000.000000 1037407272727272700.000000 53.286364 3.577627 3.972536 
0.437112 5054569090909090800.000000 594561818181818240.000000 1077165454545454600.000000 53.643400 4.732991 2.465709 
0.435883 5251298181818181600.000000 640575454545454590.000000 1096731818181818200.000000 52.706618 3.529909 3.481327 
0.434655 5435874545454545900.000000 857957272727272700.000000 867556363636363650.000000 52.780773 4.119082 2.830200 
0.433426 5389773636363636700.000000 -306276363636363650.000000 2498299090909090800.000000 52.373045 4.864282 0.842945 
0.432198 6715430909090909200.000000 704239090909090940.000000 1602225454545454600.000000 50.514045 1.394164 4.279164 
0.430969 7108700909090910200.000000 1258997272727272700.000000 964431818181818240.000000 52.239436 2.506655 3.472000 
0.429740 6907869999999999000.000000 1145627272727272700.000000 1079887272727272700.000000 52.875300 1.755936 4.242200 
0.428512 6804587272727272400.000000 1559289090909090800.000000 430840909090909120.000000 54.352009 2.465164 4.090773 
0.427283 6201280000000000000.000000 1166594545454545400.000000 722313636363636350.000000 55.480264 3.690255 3.091355 
0.426055 5945868181818181600.000000 704632727272727300.000000 1284037272727272700.000000 55.299282 3.967709 2.612155 
0.424826 6179218181818181600.000000 877085454545454590.000000 1144909090909090900.000000 54.967236 6.165173 0.154245 
0.423597 6261177272727272400.000000 622021818181818240.000000 1556342727272727300.000000 52.170327 4.965364 0.801527 
