# Radius I 667.99 I 706.75 I 728.34 D 667.99 D 706.75 D 728.34
81
0.520657 0.014887 0.098453 0.083423 0.000744 0.004923 0.004171 
0.519428 0.032214 0.124813 0.092210 0.001611 0.006241 0.004610 
0.518199 0.044136 0.157808 0.094127 0.002207 0.007890 0.004706 
0.516971 0.053123 0.143283 0.108124 0.002656 0.007164 0.005406 
0.515742 0.072105 0.179414 0.115414 0.003605 0.008971 0.005771 
0.514514 0.104663 0.198573 0.126888 0.005233 0.009929 0.006344 
0.513285 0.122554 0.243605 0.136805 0.006128 0.012180 0.006840 
0.512056 0.147569 0.266709 0.153623 0.007378 0.013335 0.007681 
0.510828 0.166112 0.251961 0.157351 0.008306 0.012598 0.007868 
0.509599 0.167795 0.250564 0.151019 0.008390 0.012528 0.007551 
0.508371 0.195899 0.325809 0.167309 0.009795 0.016290 0.008365 
0.507142 0.239863 0.372082 0.187999 0.011993 0.018604 0.009400 
0.505913 0.278673 0.424808 0.212015 0.013934 0.021240 0.010601 
0.504685 0.312801 0.475104 0.245891 0.015640 0.023755 0.012295 
0.503456 0.348866 0.537704 0.254219 0.017443 0.026885 0.012711 
0.502228 0.395039 0.612192 0.284264 0.019752 0.030610 0.014213 
0.500999 0.456183 0.676962 0.306733 0.022809 0.033848 0.015337 
0.499770 0.517960 0.768698 0.338327 0.025898 0.038435 0.016916 
0.498542 0.567424 0.891752 0.372685 0.028371 0.044588 0.018634 
0.497313 0.660504 1.018593 0.418588 0.033025 0.050930 0.020929 
0.496085 0.783300 1.178570 0.465533 0.039165 0.058928 0.023277 
0.494856 0.942908 1.327085 0.513830 0.047145 0.066354 0.025691 
0.493627 1.109936 1.553346 0.586280 0.055497 0.077667 0.029314 
0.492399 1.330748 1.748915 0.674366 0.066537 0.087446 0.033718 
0.491170 1.601203 1.947208 0.751664 0.080060 0.097360 0.037583 
0.489942 1.908976 2.167214 0.833436 0.095449 0.108361 0.041672 
0.488713 2.239433 2.457428 0.913933 0.111972 0.122871 0.045697 
0.487484 2.667350 2.718207 1.022505 0.133367 0.135910 0.051125 
0.486256 3.114882 3.082743 1.107732 0.155744 0.154137 0.055387 
0.485027 3.592614 3.286248 1.184002 0.179631 0.164312 0.059200 
0.483799 3.957750 3.484586 1.265414 0.197887 0.174229 0.063271 
0.482570 4.480615 3.595964 1.295861 0.224031 0.179798 0.064793 
0.481341 5.020565 3.761144 1.371630 0.251028 0.188057 0.068581 
0.480113 5.525890 3.868939 1.414179 0.276295 0.193447 0.070709 
0.478884 6.081146 3.970197 1.458347 0.304057 0.198510 0.072917 
0.477656 6.366106 3.913700 1.459174 0.318305 0.195685 0.072959 
0.476427 6.575250 3.827061 1.465414 0.328763 0.191353 0.073271 
0.475198 6.727317 3.660896 1.443641 0.336366 0.183045 0.072182 
0.473970 6.762273 3.481473 1.397045 0.338114 0.174074 0.069852 
0.472741 6.776631 3.339135 1.345452 0.338832 0.166957 0.067273 
0.471513 6.494862 3.117939 1.285706 0.324743 0.155897 0.064285 
0.470284 6.180244 2.840033 1.201580 0.309012 0.142002 0.060079 
0.469055 5.870863 2.603990 1.124010 0.293543 0.130199 0.056201 
0.467827 5.562195 2.355097 1.027453 0.278110 0.117755 0.051373 
0.466598 5.316904 2.093490 0.955971 0.265845 0.104674 0.047799 
0.465370 4.942324 1.926823 0.871437 0.247116 0.096341 0.043572 
0.464141 4.505478 1.729824 0.789308 0.225274 0.086491 0.039465 
0.462913 4.274083 1.547945 0.706152 0.213704 0.077397 0.035308 
0.461684 3.996482 1.365302 0.627554 0.199824 0.068265 0.031378 
0.460455 3.582075 1.221109 0.544208 0.179104 0.061055 0.027210 
0.459227 3.118568 1.126333 0.467358 0.155928 0.056317 0.023368 
0.457998 2.726396 1.022532 0.411490 0.136320 0.051127 0.020575 
0.456770 2.440502 0.899143 0.370623 0.122025 0.044957 0.018531 
0.455541 2.142536 0.815494 0.313036 0.107127 0.040775 0.015652 
0.454312 1.857708 0.709704 0.254765 0.092885 0.035485 0.012738 
0.453084 1.580569 0.610673 0.218157 0.079028 0.030534 0.010908 
0.451855 1.374863 0.524387 0.182830 0.068743 0.026219 0.009141 
0.450627 1.129531 0.458944 0.141067 0.056477 0.022947 0.007053 
0.449398 0.915971 0.396347 0.097448 0.045799 0.019817 0.004872 
0.448169 0.758005 0.345675 0.073640 0.037900 0.017284 0.003682 
0.446941 0.632430 0.295167 0.055025 0.031622 0.014758 0.002751 
0.445712 0.551134 0.241657 0.035468 0.027557 0.012083 0.001773 
0.444484 0.473991 0.199122 0.017622 0.023700 0.009956 0.000881 
0.443255 0.434807 0.166143 0.012584 0.021740 0.008307 0.000629 
0.442026 0.385382 0.169031 0.012302 0.019269 0.008452 0.000615 
0.440798 0.334081 0.138403 0.016663 0.016704 0.006920 0.000833 
0.439569 0.271166 0.159899 0.010693 0.013558 0.007995 0.000535 
0.438341 0.248825 0.117574 0.017300 0.012441 0.005879 0.000865 
0.437112 0.219695 0.079162 0.015379 0.010985 0.003958 0.000769 
0.435883 0.195323 0.049257 0.008032 0.009766 0.002463 0.000402 
0.434655 0.139202 0.011192 -0.010496 0.006960 0.000560 -0.000525 
0.433426 0.111968 0.011394 -0.006156 0.005598 0.000570 -0.000308 
0.432198 0.167863 0.009230 -0.006760 0.008393 0.000461 -0.000338 
0.430969 0.162632 -0.014166 0.000413 0.008132 -0.000708 0.000021 
0.429740 0.127551 -0.014932 0.001826 0.006378 -0.000747 0.000091 
0.428512 0.106151 -0.034175 -0.000303 0.005308 -0.001709 -0.000015 
0.427283 0.071725 -0.019777 0.010446 0.003586 -0.000989 0.000522 
0.426055 0.072342 -0.009154 0.029103 0.003617 -0.000458 0.001455 
0.424826 0.082478 -0.005866 0.040475 0.004124 -0.000293 0.002024 
0.423597 0.077553 -0.004297 0.044744 0.003878 -0.000215 0.002237 
0.422369 0.074511 -0.010398 0.047320 0.003726 -0.000520 0.002366 
