0.489942 1336843636363636500.000000 77107272727272720.000000 477166363636363650.000000 34.679655 4.699145 4.039855 
0.488713 1526936363636363500.000000 41229090909090912.000000 580801818181818240.000000 34.395591 2.747800 5.869609 
0.487484 1781460000000000000.000000 35070000000000000.000000 666619090909090940.000000 35.917582 5.240736 2.892200 
0.486256 2082760909090909200.000000 13416363636363636.000000 789331818181818240.000000 34.761391 3.026264 4.793073 
0.485027 2456734545454545400.000000 225790000000000000.000000 643463636363636350.000000 35.722936 3.325300 4.601309 
0.483799 2647951818181818400.000000 -112921818181818180.000000 1152352727272727300.000000 36.465127 3.406473 3.908382 
0.482570 3259044545454545400.000000 126760909090909090.000000 1035422727272727300.000000 36.910573 2.854473 4.180091 
0.481341 3687815454545454600.000000 124371818181818180.000000 1197642727272727300.000000 37.766600 3.144718 3.382336 
0.480113 4201165454545454600.000000 168485454545454560.000000 1320800000000000000.000000 38.079164 2.696764 3.295109 
0.478884 4721970000000000000.000000 329728181818181820.000000 1312603636363636500.000000 38.547364 2.385591 3.453736 
0.477656 5172090000000000000.000000 482809090909090880.000000 1284959090909090800.000000 39.289955 2.128455 3.524145 
0.476427 5528489090909090800.000000 413875454545454530.000000 1493737272727272700.000000 40.161018 2.081245 3.413336 
0.475198 6021060909090909200.000000 494352727272727300.000000 1640168181818181900.000000 41.037918 2.540445 2.594418 
0.473970 6535510909090909200.000000 559254545454545470.000000 1774625454545454600.000000 41.209391 2.768282 1.946755 
0.472741 7086467272727272400.000000 1016273636363636400.000000 1351700000000000000.000000 40.925291 1.586291 3.233300 
0.471513 7167000909090908200.000000 811337272727272700.000000 1679414545454545400.000000 41.988655 1.565082 3.080400 
0.470284 7544100000000000000.000000 945314545454545410.000000 1641541818181818100.000000 42.974227 1.701655 2.667936 
0.469055 7812741818181818400.000000 764348181818181760.000000 2080041818181818100.000000 43.640818 2.153800 1.987136 
0.467827 8401717272727273500.000000 923003636363636350.000000 2098570000000000000.000000 43.749518 0.466064 3.615782 
0.466598 8867944545454542800.000000 1168222727272727300.000000 2005482727272727300.000000 45.773782 2.890691 1.021273 
0.465370 9181410909090909200.000000 1303870000000000000.000000 1941570909090909200.000000 45.102564 2.021045 1.725127 
0.464141 9341398181818179600.000000 446397272727272700.000000 3340365454545454600.000000 45.386555 2.766055 0.189582 
0.462913 10634667272727273000.000000 646169090909090940.000000 3870087272727273000.000000 44.282391 1.995545 0.412936 
0.461684 12080818181818182000.000000 1401090000000000000.000000 3615981818181818400.000000 43.700327 3.457382 -1.455445 
