0.463550 0.736800 0.124000 85.300000 18.000000 
0.461300 0.938500 0.144000 124.900000 24.000000 
0.459040 1.125200 0.150000 176.900000 30.500000 
0.456790 1.292300 0.146000 182.500000 26.000000 
0.454530 1.158500 0.146000 132.800000 20.500000 
0.452280 1.336100 0.156000 190.500000 28.000000 
0.450020 1.357300 0.151000 206.800000 29.000000 
0.447770 1.302500 0.161000 244.900000 38.500000 
0.445510 1.460100 0.158000 211.500000 28.500000 
0.443260 1.470000 0.155000 258.200000 34.000000 
0.441000 1.606900 0.165000 300.500000 39.500000 
0.438750 1.815400 0.175000 288.300000 34.500000 
0.436490 1.747700 0.167000 298.400000 35.500000 
0.434240 1.645600 0.168000 299.100000 38.000000 
0.431980 1.981600 0.180000 255.000000 28.000000 
0.429730 1.919500 0.178000 294.800000 33.500000 
0.427470 1.949300 0.180000 324.100000 37.000000 
0.425220 1.808000 0.186000 329.500000 42.500000 
0.422970 1.796600 0.178000 316.200000 38.500000 
0.420710 1.943900 0.172000 333.000000 36.500000 
0.418460 2.071800 0.177000 333.800000 35.500000 
0.416200 2.296000 0.189000 327.500000 33.500000 
