0.463550 0.736800e+19 0.124000e+19 85.300000 18.000000 
0.461300 0.938500e+19 0.144000e+19 124.900000 24.000000 
0.459040 1.125200e+19 0.150000e+19 176.900000 30.500000 
0.456790 1.292300e+19 0.146000e+19 182.500000 26.000000 
0.454530 1.158500e+19 0.146000e+19 132.800000 20.500000 
0.452280 1.336100e+19 0.156000e+19 190.500000 28.000000 
0.450020 1.357300e+19 0.151000e+19 206.800000 29.000000 
0.447770 1.302500e+19 0.161000e+19 244.900000 38.500000 
0.445510 1.460100e+19 0.158000e+19 211.500000 28.500000 
0.443260 1.470000e+19 0.155000e+19 258.200000 34.000000 
0.441000 1.606900e+19 0.165000e+19 300.500000 39.500000 
0.438750 1.815400e+19 0.175000e+19 288.300000 34.500000 
0.436490 1.747700e+19 0.167000e+19 298.400000 35.500000 
0.434240 1.645600e+19 0.168000e+19 299.100000 38.000000 
0.431980 1.981600e+19 0.180000e+19 255.000000 28.000000 
0.429730 1.919500e+19 0.178000e+19 294.800000 33.500000 
0.427470 1.949300e+19 0.180000e+19 324.100000 37.000000 
0.425220 1.808000e+19 0.186000e+19 329.500000 42.500000 
0.422970 1.796600e+19 0.178000e+19 316.200000 38.500000 
0.420710 1.943900e+19 0.172000e+19 333.000000 36.500000 
0.418460 2.071800e+19 0.177000e+19 333.800000 35.500000 
0.416200 2.296000e+19 0.189000e+19 327.500000 33.500000 
